#Fase 1 Calculo de gradiente y del coste con los pesos de los datos

Cost without Regression: 0.2876291651613188
Cost with Regression: 0.38376985909092354
Grad 1 without Regression: [[ 2.07430506e+00  0.00000000e+00  0.00000000e+00 ... -8.87198712e-06
  -2.30425737e-07  0.00000000e+00]
 [ 1.17654060e+00  0.00000000e+00  0.00000000e+00 ...  4.33506773e-07
   1.59620926e-08  0.00000000e+00]
 [ 1.71401589e+00  0.00000000e+00  0.00000000e+00 ...  8.49204752e-07
   1.23790777e-08  0.00000000e+00]
 ...
 [ 2.07033317e+00  0.00000000e+00  0.00000000e+00 ... -4.69241164e-07
  -4.06536573e-08  0.00000000e+00]
 [ 2.61835465e+00  0.00000000e+00  0.00000000e+00 ... -7.76678427e-06
  -6.55229503e-07  0.00000000e+00]
 [ 2.30019885e+00  0.00000000e+00  0.00000000e+00 ... -8.01141602e-06
  -1.12037580e-07  0.00000000e+00]]
Grad 1 with Regression: [[ 2.07430506e+00 -2.11248326e-12  4.38829369e-13 ... -8.87459772e-06
  -2.31434087e-07  5.60928898e-13]
 [ 1.17654060e+00  1.53233736e-12 -1.95174738e-12 ...  4.22304093e-07
   1.60022808e-08  7.08845709e-13]
 [ 1.71401589e+00 -1.75530893e-12  1.63207553e-12 ...  8.25014421e-07
   1.19117384e-08 -1.50133620e-12]
 ...
 [ 2.07033317e+00 -1.77854412e-12 -1.96393620e-12 ... -4.64534941e-07
  -4.13046262e-08  1.80499812e-12]
 [ 2.61835465e+00  6.10356747e-14  5.12122016e-13 ... -7.93913622e-06
  -6.36360505e-07  7.67523996e-13]
 [ 2.30019885e+00  1.77175372e-12 -1.31503028e-13 ... -8.01177675e-06
  -1.13666509e-07  1.75890906e-12]]
Grad 2 without Regression: [[-5.39937126 -2.47995995 -1.46450736 -3.31558531 -3.36390088 -3.94132509
  -3.29120936 -1.52470956 -0.98151833 -3.97675246 -2.41418641 -3.46601709
  -3.91944608 -1.43464793 -1.64811894 -1.04133684 -3.01311928 -2.36060263
  -2.19386733 -1.8198316  -1.87291495 -3.01728286 -3.8169317  -4.4975174
  -3.15650387 -1.47002555]
 [-5.39963537 -2.44929337 -1.47889564 -3.25046188 -3.33581851 -3.87042681
  -3.29032934 -1.55094174 -1.04696375 -3.99339446 -2.42587098 -3.52613049
  -3.9468962  -1.43027281 -1.66529066 -1.08882059 -3.04950146 -2.35768751
  -2.23211067 -1.804032   -1.86435314 -3.0141798  -3.81182275 -4.42412836
  -3.19264478 -1.42390393]
 [-5.39960403 -2.50020304 -1.40422338 -3.31295112 -3.33967158 -3.87522443
  -3.28014219 -1.58398102 -1.05425146 -3.96893647 -2.38649725 -3.52028502
  -3.90022088 -1.47255001 -1.65535716 -1.11264141 -3.05373421 -2.29807884
  -2.18920183 -1.80640697 -1.86840524 -3.03254171 -3.81886198 -4.44904305
  -3.13755396 -1.45699549]
 [-5.39955869 -2.42413018 -1.45960575 -3.27827741 -3.33816549 -3.88283977
  -3.36329525 -1.51644247 -1.01028621 -4.04024598 -2.34766618 -3.45098448
  -3.88998146 -1.50814609 -1.69681406 -1.11674841 -2.99972578 -2.36334218
  -2.24646745 -1.79776582 -1.81420549 -3.01421228 -3.88145083 -4.42018533
  -3.21090595 -1.49122997]
 [-5.39974756 -2.50224066 -1.41969686 -3.25344628 -3.33169118 -3.89356781
  -3.28769598 -1.55236606 -1.04621835 -3.9804941  -2.39463875 -3.46496046
  -3.88893928 -1.49274619 -1.71934613 -1.11004408 -3.02825416 -2.30061845
  -2.20242358 -1.77414635 -1.85954976 -3.07942123 -3.86507083 -4.45466542
  -3.16715709 -1.45196411]
 [-5.39943653 -2.4374361  -1.47666088 -3.23970965 -3.32774402 -3.86833576
  -3.29673278 -1.57615062 -0.98176139 -4.03985573 -2.42705041 -3.45588045
  -3.89082384 -1.42921776 -1.71747835 -1.11715857 -2.99322191 -2.36364758
  -2.26525958 -1.77190968 -1.85449393 -3.08198212 -3.82514919 -4.43055597
  -3.21781292 -1.48150534]
 [-5.3996405  -2.42405958 -1.45982403 -3.31770277 -3.4138083  -3.92446821
  -3.35563427 -1.56732593 -1.05331807 -3.96389315 -2.34411291 -3.48574191
  -3.88756652 -1.50958063 -1.66628039 -1.04302876 -2.98785866 -2.30143668
  -2.2517436  -1.80452194 -1.81623655 -3.01847651 -3.83466307 -4.42596911
  -3.13855386 -1.43585542]
 [-5.39945631 -2.49227345 -1.47003829 -3.25903609 -3.33444925 -3.88409567
  -3.28053473 -1.580079   -1.04724087 -3.96578581 -2.40625432 -3.46143251
  -3.88876073 -1.48865252 -1.71522244 -1.10120024 -3.05094342 -2.35772099
  -2.19791164 -1.81167516 -1.87004446 -3.01407233 -3.83701004 -4.43724436
  -3.14569264 -1.48081503]
 [-5.39915034 -2.43289912 -1.4345227  -3.30434137 -3.39883913 -3.88390485
  -3.36022197 -1.53817986 -1.04258882 -3.96718011 -2.34273912 -3.4565521
  -3.88632859 -1.5124464  -1.70775714 -1.11108694 -2.9916504  -2.34807704
  -2.23201427 -1.79238368 -1.84915799 -3.00952135 -3.8317542  -4.42502632
  -3.18790837 -1.48463085]
 [-5.39975245 -2.50155338 -1.47643042 -3.23533918 -3.34214205 -3.87917944
  -3.27830157 -1.58415663 -1.05622652 -3.96572918 -2.42543045 -3.52047415
  -3.96551613 -1.50329045 -1.72769078 -1.1177532  -3.00331867 -2.28144455
  -2.26232279 -1.75214161 -1.79465528 -3.08971353 -3.81773418 -4.42000469
  -3.13722226 -1.48472585]]
Grad 2 with Regression: [[-5.39937126 -2.48020244 -1.46452774 -3.31605901 -3.36411244 -3.94176674
  -3.2910966  -1.52446735 -0.98107627 -3.97666354 -2.4144229  -3.46580851
  -3.91976719 -1.43438709 -1.64784459 -1.04098719 -3.01316601 -2.36090666
  -2.19363668 -1.81981087 -1.87298936 -3.01740592 -3.81695684 -4.49797178
  -3.15664755 -1.47028493]
 [-5.39963537 -2.44917025 -1.47914874 -3.25009039 -3.33600222 -3.87043781
  -3.29040652 -1.5506827  -1.04727744 -3.99358851 -2.42630765 -3.52670056
  -3.94731167 -1.42994649 -1.66522085 -1.08845501 -3.04998981 -2.35785877
  -2.23217032 -1.80444789 -1.8646118  -3.01399984 -3.81176614 -4.423666
  -3.19313767 -1.42361262]
 [-5.39960403 -2.50059212 -1.40382066 -3.31357576 -3.33971881 -3.87494707
  -3.27996023 -1.58429057 -1.05441112 -3.96906767 -2.38635017 -3.52080221
  -3.90012646 -1.47243931 -1.65485464 -1.11312476 -3.05406201 -2.29783829
  -2.18944232 -1.80677386 -1.86878127 -3.03260983 -3.81881459 -4.44925532
  -3.13734844 -1.45709088]
 [-5.39955869 -2.42403758 -1.45948877 -3.27831041 -3.33777896 -3.8828857
  -3.36366471 -1.51634444 -1.01007192 -4.04090979 -2.34735795 -3.45090973
  -3.89015443 -1.50866264 -1.69661993 -1.11685045 -2.99986264 -2.36367161
  -2.24642514 -1.79782067 -1.81386029 -3.01394744 -3.8819788  -4.42020144
  -3.21131297 -1.49152222]
 [-5.39974756 -2.50264962 -1.41928546 -3.25305607 -3.33165591 -3.89400009
  -3.28777677 -1.55200574 -1.04653091 -3.98054461 -2.39459157 -3.46481715
  -3.8887239  -1.4928171  -1.71968162 -1.11006996 -3.02838914 -2.30039031
  -2.20215871 -1.77350403 -1.85998153 -3.07994156 -3.86571535 -4.45504465
  -3.16733206 -1.45146203]
 [-5.39943653 -2.43734922 -1.4768472  -3.23967286 -3.32781617 -3.86821184
  -3.29665553 -1.57668092 -0.98130197 -4.04027337 -2.42742317 -3.45566834
  -3.89066872 -1.42879082 -1.71770829 -1.11726273 -2.99302242 -2.3639442
  -2.26572237 -1.77185065 -1.85457134 -3.08242333 -3.82508779 -4.43079126
  -3.21813984 -1.48167027]
 [-5.3996405  -2.42381645 -1.46012423 -3.31810916 -3.41411303 -3.92495567
  -3.35610941 -1.5676059  -1.05349555 -3.96401971 -2.343812   -3.48605806
  -3.88744932 -1.50973571 -1.66609187 -1.04260692 -2.9877497  -2.30134913
  -2.25199965 -1.80453066 -1.81594105 -3.01870306 -3.83480876 -4.42595964
  -3.13822237 -1.43551834]
 [-5.39945631 -2.49241795 -1.47066874 -3.25896293 -3.33440963 -3.88424179
  -3.28020421 -1.58053907 -1.0476158  -3.96558962 -2.40657197 -3.46116164
  -3.88832494 -1.489051   -1.71562318 -1.10127797 -3.05141141 -2.35830443
  -2.19771284 -1.81221612 -1.87029874 -3.01370015 -3.83725107 -4.43732039
  -3.14555089 -1.48123706]
 [-5.39915034 -2.43279192 -1.43426208 -3.30454812 -3.39964529 -3.88378851
  -3.36075341 -1.5380191  -1.0428073  -3.96668029 -2.34266671 -3.45641971
  -3.88651291 -1.51261265 -1.70815755 -1.11167673 -2.99152127 -2.34829727
  -2.23186525 -1.79226667 -1.84955708 -3.00939617 -3.83139301 -4.42507094
  -3.18818925 -1.48505723]
 [-5.39975245 -2.50184127 -1.47667404 -3.23519699 -3.34205162 -3.87925135
  -3.278177   -1.58429064 -1.0563679  -3.96571655 -2.42567685 -3.52082344
  -3.96606005 -1.50373333 -1.72802939 -1.11793506 -3.00314297 -2.28120722
  -2.26269687 -1.75206202 -1.79431105 -3.08998739 -3.81756256 -4.42005424
  -3.13696624 -1.48499135]]

  #Fase 2 Calculo de gradiente con los valores de los pesos generados aleatoriamente
Cost without Regression: 8.214061448132782
Cost with Regression: 8.22010227831975
Grad 1 without Regression: [[-5.70380197e-01  0.00000000e+00  0.00000000e+00 ...  1.00887866e-06
   6.26772688e-08  0.00000000e+00]
 [-2.62782869e-02  0.00000000e+00  0.00000000e+00 ...  2.90760072e-07
  -1.11072175e-08  0.00000000e+00]
 [-1.08818752e+00  0.00000000e+00  0.00000000e+00 ...  1.45284299e-06
   1.26643085e-07  0.00000000e+00]
 ...
 [-5.03244740e-01  0.00000000e+00  0.00000000e+00 ...  9.97972086e-07
   5.03652669e-08  0.00000000e+00]
 [-7.40069351e-01  0.00000000e+00  0.00000000e+00 ...  1.20690810e-06
   7.32053161e-08  0.00000000e+00]
 [ 1.06226647e+00  0.00000000e+00  0.00000000e+00 ... -8.66975417e-07
  -1.33855127e-07  0.00000000e+00]]
Grad 1 with Regression: [[-5.70380197e-01  1.18754187e-05  2.20643380e-05 ...  2.29631895e-06
  -1.79549908e-05 -1.57452670e-05]
 [-2.62782869e-02 -2.00072107e-05 -2.26023663e-06 ...  3.70508536e-06
   1.20212941e-05 -1.39234172e-05]
 [-1.08818752e+00  2.36481294e-05  2.09515013e-05 ... -5.90347997e-06
  -2.08225591e-05  2.31025309e-06]
 ...
 [-5.03244740e-01  6.32834087e-06  9.81464369e-06 ...  2.34873223e-05
   1.75319701e-05 -1.38160594e-05]
 [-7.40069351e-01 -1.24581015e-05 -3.93628476e-06 ...  1.09255755e-05
  -2.89787933e-07  1.41063143e-05]
 [ 1.06226647e+00 -1.15845635e-05  1.73993550e-05 ...  9.34048534e-06
   1.37552119e-06 -2.00507762e-06]]
Grad 2 without Regression: [[-5.24306323 -2.31764001 -2.90044097 -2.12382473 -2.88796009 -2.36449219
  -2.29960434 -3.11540677 -3.13633247 -2.35160572 -2.5571837  -2.34579265
  -3.29899575 -2.1551327  -2.13330935 -2.58596544 -2.79951822 -2.01111129
  -2.98389019 -2.83228411 -2.31845272 -2.56809704 -2.73788525 -2.17738883
  -3.38170732 -3.30877154]
 [-4.63289908 -2.04720431 -2.56684433 -1.8808588  -2.55356212 -2.08738705
  -2.03565913 -2.75244452 -2.76542504 -2.08068193 -2.26490781 -2.06858666
  -2.91738219 -1.89301258 -1.89040761 -2.29652795 -2.47913338 -1.77412046
  -2.6385554  -2.5025958  -2.05055874 -2.27145118 -2.41774259 -1.92689953
  -2.99295578 -2.92195201]
 [-5.09072163 -2.24943771 -2.81715922 -2.06261599 -2.80468651 -2.29517525
  -2.23367997 -3.02449751 -3.04350934 -2.28460907 -2.48478684 -2.27624218
  -3.20380036 -2.08921757 -2.07251112 -2.51479355 -2.71953729 -1.95184372
  -2.89705256 -2.7507797  -2.25146781 -2.49458573 -2.658135   -2.11497377
  -3.28499517 -3.21250941]
 [-5.17038751 -2.28617345 -2.86113233 -2.09482129 -2.84857288 -2.33219727
  -2.26817904 -3.07257885 -3.09211902 -2.31876857 -2.52239978 -2.31189919
  -3.25392546 -2.12388506 -2.10382053 -2.55198019 -2.76101885 -1.98223635
  -2.9424626  -2.79325421 -2.28681242 -2.53238783 -2.6987601  -2.14828188
  -3.33478783 -3.26314279]
 [-5.08450376 -2.24735828 -2.81306763 -2.06016429 -2.8009085  -2.29242939
  -2.23070042 -3.02112263 -3.04042135 -2.28139591 -2.48126596 -2.27388481
  -3.19953342 -2.08807492 -2.07017687 -2.51069531 -2.71550008 -1.94997954
  -2.89331575 -2.74730385 -2.24881359 -2.49164069 -2.65534473 -2.11311924
  -3.28004349 -3.20861497]
 [-4.8841356  -2.15822364 -2.70415025 -1.98029805 -2.69039902 -2.20093291
  -2.14445044 -2.90237153 -2.91914984 -2.19198205 -2.38510304 -2.18259039
  -3.07515337 -2.00074321 -1.98954633 -2.4160465  -2.6109716  -1.87153799
  -2.78061896 -2.63918151 -2.16037913 -2.39335337 -2.54997767 -2.0308283
  -3.15323346 -3.0818923 ]
 [-5.06986804 -2.24058459 -2.80582572 -2.0549433  -2.792392   -2.2845815
  -2.22548212 -3.0128328  -3.03154965 -2.27522487 -2.47411964 -2.26700404
  -3.19075647 -2.08045089 -2.06502933 -2.5053065  -2.70860108 -1.9439851
  -2.88553158 -2.73923618 -2.24152953 -2.48448962 -2.64752825 -2.10731108
  -3.27172325 -3.19874929]
 [-4.96095186 -2.19259414 -2.74579943 -2.01184289 -2.73375228 -2.2363896
  -2.177476   -2.94699941 -2.96414932 -2.22652728 -2.42203182 -2.21735179
  -3.12216937 -2.03400543 -2.0212683  -2.45248053 -2.65164792 -1.90206266
  -2.82381334 -2.67956666 -2.19532229 -2.43186871 -2.58965355 -2.06140893
  -3.20164315 -3.12936529]
 [-4.81810787 -2.12900983 -2.66788818 -1.95447284 -2.65543215 -2.17113982
  -2.11593471 -2.86213838 -2.87766857 -2.1627475  -2.35359092 -2.15270097
  -3.03288504 -1.97267615 -1.9640091  -2.38486646 -2.57630173 -1.84580588
  -2.74326282 -2.60218527 -2.13236445 -2.36205219 -2.51428901 -2.00299424
  -3.1110841  -3.03875971]
 [-4.82478849 -2.13224491 -2.67159181 -1.9566078  -2.65883611 -2.17413718
  -2.11835301 -2.86705994 -2.88305718 -2.16609427 -2.35574504 -2.15584016
  -3.03789086 -1.97665042 -1.96635814 -2.38735112 -2.57962848 -1.84824469
  -2.74696038 -2.6075742  -2.13393027 -2.36467599 -2.51904872 -2.0054847
  -3.1155429  -3.0444678 ]]
Grad 2 with Regression: [[-5.24306323 -2.31761297 -2.90042569 -2.1238166  -2.88795697 -2.36450852
  -2.29963962 -3.11542761 -3.13637682 -2.35168256 -2.55718907 -2.34587473
  -3.29899794 -2.15512569 -2.13335288 -2.58589471 -2.79959044 -2.01115952
  -2.98393275 -2.83220503 -2.31852327 -2.56806031 -2.73795075 -2.17738708
  -3.38173354 -3.30879361]
 [-4.63289908 -2.04718123 -2.56682529 -1.88081949 -2.55355447 -2.08734085
  -2.03559953 -2.75240587 -2.76543371 -2.08063824 -2.26483296 -2.06860013
  -2.9173215  -1.89296338 -1.8904411  -2.29650626 -2.47909688 -1.77410547
  -2.63856421 -2.50255296 -2.05054518 -2.27138285 -2.41768227 -1.92684198
  -2.99290684 -2.92199529]
 [-5.09072163 -2.24936235 -2.81724163 -2.06253879 -2.80468671 -2.29517308
  -2.23361051 -3.02442461 -3.04345072 -2.28468849 -2.48482549 -2.27626684
  -3.20373976 -2.08916734 -2.0724917  -2.51486512 -2.71953958 -1.9518953
  -2.89701121 -2.75086163 -2.25147221 -2.49457244 -2.65819855 -2.1149074
  -3.28501772 -3.21255801]
 [-5.17038751 -2.28625448 -2.86120193 -2.09485105 -2.84863535 -2.33226745
  -2.2682389  -3.07262923 -3.09214466 -2.31872219 -2.52235376 -2.31181679
  -3.25393249 -2.12391368 -2.10380493 -2.55201237 -2.76094674 -1.98221907
  -2.9425208  -2.79328408 -2.28687422 -2.5323622  -2.69871719 -2.1483288
  -3.3347621  -3.26318399]
 [-5.08450376 -2.24731404 -2.81306085 -2.06011626 -2.8009242  -2.29238559
  -2.23070515 -3.0211426  -3.04047283 -2.28142544 -2.48127481 -2.27394968
  -3.19946811 -2.08812276 -2.07019368 -2.51065432 -2.71546125 -1.95004949
  -2.8932613  -2.74727862 -2.24888173 -2.4916555  -2.65541964 -2.11315587
  -3.27997253 -3.20869265]
 [-4.8841356  -2.15819092 -2.70413229 -1.9802469  -2.69032034 -2.20087025
  -2.14443165 -2.90233276 -2.91916488 -2.19193565 -2.38506965 -2.18263515
  -3.07520021 -2.00068559 -1.98948614 -2.41602622 -2.61098964 -1.87155764
  -2.78063146 -2.6392233  -2.16039535 -2.39327184 -2.55002441 -2.03089582
  -3.15320688 -3.08194438]
 [-5.06986804 -2.24062959 -2.80583527 -2.05497097 -2.7923678  -2.28449887
  -2.22551932 -3.01290704 -3.03153185 -2.27527941 -2.47405762 -2.26703269
  -3.19071127 -2.08040738 -2.06504516 -2.50535039 -2.70861643 -1.94403031
  -2.88551039 -2.73920881 -2.24145208 -2.48453978 -2.64760415 -2.10736051
  -3.27174807 -3.19872474]
 [-4.96095186 -2.19258138 -2.74575801 -2.01189653 -2.7337515  -2.23635985
  -2.17742662 -2.94701024 -2.96409399 -2.22655633 -2.42196291 -2.21733885
  -3.12213501 -2.03398965 -2.02126176 -2.45251465 -2.65170589 -1.90213637
  -2.8238001  -2.67952107 -2.19538203 -2.4319373  -2.58968895 -2.06134048
  -3.20157249 -3.12935649]
 [-4.81810787 -2.12895109 -2.667848   -1.9544495  -2.65546416 -2.17109497
  -2.11593963 -2.8621299  -2.87767529 -2.16271192 -2.35355819 -2.1527278
  -3.03281703 -1.97271148 -1.96401854 -2.38490022 -2.5762458  -1.84576318
  -2.74331731 -2.60213595 -2.13242764 -2.36207495 -2.5142235  -2.00296207
  -3.11108918 -3.03872346]
 [-4.82478849 -2.13229552 -2.6715586  -1.95655485 -2.65889148 -2.17411758
  -2.11829145 -2.8670602  -2.88310511 -2.16609267 -2.35566299 -2.15585202
  -3.03794132 -1.97668885 -1.96633805 -2.38737188 -2.57954891 -1.84819757
  -2.74690587 -2.60762983 -2.13384857 -2.36462313 -2.51909723 -2.00541618
  -3.11557016 -3.04443776]]

 # Fase 3: check si los los pesos calculados son correctos
  Preguntar al profe

 The result of the checking in grad : -1.7866758995528453

 # Fase 4: check